-1.469315279101979010e+00
-1.795034911577552350e+00
-7.480774450570967238e-01
-2.640315962902881064e-01
-7.068009557367361806e-01
1.810464556412277215e+00
-1.325691079046311671e-01
1.116687983603895928e-01
-3.489104414501233542e+00
1.608008888875860423e-02
-1.613455307012141793e+00
-3.709668573440154660e-01
-6.333559109210820104e-01
-5.888946996883753116e+00
7.413280893847646880e-01
-3.667474253088345848e-01
1.256799759346158285e-01
-2.895827139391727201e+00
-1.797206974720641615e+00
3.913567554536329096e-01
-1.414808711981455080e-01
-8.510256441697786611e-01
1.362569556468327427e-02
-1.898284220848337756e-01
-1.134370980701044251e+00
-2.232250245890787105e-02
-8.870204242060667488e-01
-4.977466959680563741e-01
-1.422788684803203418e+00
-6.267047622784134298e-01
-2.009839137789435792e+00
5.519879410460413333e-02
-3.649591306639272115e-01
-5.405580067047236481e-01
-2.960934545755509184e+00
-2.664052121404918871e+00
-1.602157530121142592e+00
-1.953975711002894355e+00
-1.852352201036086443e+00
1.334047067668394926e-01
1.098652155512784973e-01
-9.814881652308604654e-01
1.022641733742206016e+00
-9.820753443889850276e-01
-4.097788889347573349e-01
1.216704140980893745e-01
-3.987421732077712222e-01
-2.987893840903781961e-01
-4.406068724609179532e-01
-1.248533586427458042e+00
-6.213575411922575009e-01
6.665904834542376589e-01
-8.862147265517861250e-01
6.848711275956938238e-02
8.714275201296398099e-02
-1.177801205517035266e+00
-1.482017985950366823e+00
-1.051645417503716429e+00
-5.605136396201068072e-01
-1.320677089376148139e+00
1.241426366461453989e+00
-1.268385193667713295e+00
1.303830216112550344e+00
-1.050743251376439646e+00
1.484649967273115323e-01
2.007887383835480488e+00
5.249706842601176149e-02
9.157045589235307537e-02
-1.588199892971828397e+00
-1.046674654497676382e+00
5.672579570589637576e-01
1.116010305412280523e+00
2.304477689461809087e-01
-2.423964875415533793e-01
-3.410720860144655919e-01
-8.583161001354261410e-01
-9.737237327847827473e-01
-4.476860781856340510e-01
2.390782567694703931e-01
-9.487472271561695480e-01
-1.235191962725716408e+00
-1.429386428870426329e+00
-8.712394266319630765e-01
-1.177674174801024570e-01
-4.046903455301594787e-01
5.059996417851234662e-01
-1.639432099306326496e+00
-7.320833358220864007e-01
1.295598257056263414e+00
3.333332306786950916e+00
2.266735322220996274e-01
2.368862563918271213e+00
1.152031604151287247e+00
-1.719001381190260913e+00
-1.455785774808661559e+00
-1.141882048218149315e+00
-5.343730659996358545e-01
-3.070881269158091675e-01
-4.326764879938628239e-01
3.349546344159120004e-01
-9.055901977400130365e-01
-7.427143378677401042e-01
-1.651086349968740929e+00
-1.493088749655705705e+00
-1.101851678549148783e+00
-1.406122020160662567e+00
5.994401546041004947e-01
-1.615341306708202085e+00
2.442975297574154769e-01
-3.426721525903140830e-01
-7.025481064870248149e-01
-1.813347720081471826e+00
-1.413909196946354196e+00
-1.761524823578987986e+00
-6.241044318959262371e-01
-9.320248269229701732e-01
-2.845471911893409644e-01
1.975493033809447629e+00
-9.930526456003087032e-01
-6.586404738239712113e-03
-1.493673103622573217e+00
-7.725294229063643936e-01
-3.621629696031872792e-01
1.313540617998883553e+00
1.300280689505503240e+00
7.402842958795771144e-01
-5.837070489994030664e-01
-2.612501064481548285e-02
-1.097895793214795024e+00
5.229874494227421122e-01
-5.555158652315679291e-01
-8.906346510327046717e-01
6.488407624961557429e-01
-3.901029393764658404e-01
8.453357150091295180e-01
-5.934483110380452953e-01
3.233086335670918854e-01
-3.978704986736721905e-01
-3.319570346376021219e-01
-1.044045235933299010e+00
-4.216664158030248855e-01
-1.141657110485537335e-01
7.703784840360925479e-01
-6.479670275472085295e-02
9.577475281306686572e-01
1.571800774208658713e-01
-1.682950061090981997e-01
7.091280418345937697e-01
1.450191677420252789e-01
7.313463392148406928e-04
-2.137331293847160918e+00
-6.588605400812144186e-01
2.035804456593152401e-01
-1.642534256543757565e-01
-4.542188073004698734e-01
-1.004576398075105459e-01
-7.132569674188948827e-01
-5.748796059927622354e-02
1.034274904602051182e+00
2.199287745409927441e-01
-1.759424865468887544e+00
-3.235628620224515473e-01
-2.881009398818234479e-01
8.346232791921472938e-01
-7.618123223018305468e-02
-8.837180542616570600e-01
-4.183277079918127916e-01
8.100927683139220736e-01
3.150562530262943639e-01
-2.739785965517470556e-01
9.645501627178233728e-02
-5.704291898654156867e-01
4.153320254591991723e-01
1.138457252101302073e-04
-4.748032525455486152e-01
-9.002632103909180561e-01
-5.543069879063179384e-01
-6.134965846439821568e-01
1.290703088575386959e+00
5.271879450483575313e-01
-7.509972741683719200e-01
5.287535946460617670e-02
-8.382246993159172543e-01
1.095221180566582041e-02
5.959215248279474686e-01
-2.888918227603686217e-01
9.546272987779490238e-02
-2.928042768512376104e-01
1.120866232623918823e-01
-4.522373713175095178e-01
3.133802198357573121e-01
7.025858649438037062e-01
4.318663991944414193e-01
-1.015398537336937634e+00
6.700552480304136083e-01
8.370597481855054922e-02
-2.136132756219410178e-01
3.267228424306284351e-02
-4.529168360149469219e-01
-1.023390158073534506e+00
-3.654439623196087950e-01
-7.983003963827000060e-01
-4.652800922477129397e-01
6.023628791894933832e-01
8.649551529723158438e-01
-1.019090726601151964e+00
-1.092512434259372833e+00
-2.772980980481451474e-01
7.372753845459479871e-01
-8.204470366821361646e-03
-1.521922903381277559e+00
-6.012175932481185203e-01
-4.344989719867065059e-01
2.244515165262195022e-01
3.412319949814226483e-01
-5.736676554151722840e-01
-3.121085481221184676e-01
2.716731336842370115e-01
-3.361835913879583360e-01
-2.611182323432439389e-01
-2.878461091631649982e-01
2.454699187613721689e-01
2.579795882070785168e-02
-1.210572425288007486e-01
-4.820137651125733225e-01
-1.073822026629270288e-01
3.832317722898488932e-01
1.898256945228921633e-01
-9.633911502925866788e-02
-4.380721756596262506e-01
8.329451019453786020e-02
-3.439358181260312453e-01
8.263507105140754927e-01
-6.764608135202768713e-01
-1.021037251706592208e+00
3.985487864600335550e-01
-3.433208259161385500e-01
-2.675807962147975227e-01
-8.614798688183618325e-02
-3.649569512240073421e-01
-2.193299276111944918e-01
4.924720260490785817e-01
1.562112026753848193e+00
1.508357418321566445e-01
1.180219367381465601e+00
1.128688392857379319e-01
4.470526019119901995e-01
-3.864849962052013810e-01
-1.156212495385031236e+00
5.093492319013888103e-01
-3.741196197192311335e-01
-4.039503069772090726e-01
2.716059925023966426e-01
4.941706067187107143e-01
-2.850540833443707678e-01
-1.252808131444550499e-01
-8.007684315152018284e-01
-4.496691571917074137e-01
-4.879232877152050452e-01
1.055087231943109272e-01
4.027622561621081454e-01
-7.518373106844826737e-01
-3.935624428585939860e-01
-4.126022834866632794e-01
1.531568156791664193e-01
-1.583414293382809479e+00
-2.048795568508346709e-01
-5.366743743619794005e-01
2.347466899062343459e-01
1.452226697956572332e-01
-6.579761537122581494e-01
-4.880105439761451280e-01
6.998946425453780873e-02
-3.446234698465566182e-01
1.872871844396189756e-01
1.121437049729376995e-01
-3.856083791018342644e-01
-2.404673394198666714e-01
-1.965808348206153910e-01
1.552319265383382163e+00
2.911026982402377047e-02
-3.505094321054557649e-01
6.691162654743857408e-01
-4.207067097691850055e-01
-3.753557157645053266e-01
9.289816955161919187e-01
-3.904748107059309858e-01
1.139752833034700208e+00
8.225402061409983201e-01
-8.731727616589777252e-01
1.585933868254442825e+00
-1.614688512857613278e-01
-2.008698150042159333e-02
-1.646311918309205646e-01
2.074708225577274467e-01
-9.446467182580617905e-01
-7.627116130713353925e-01
-6.053479803966318323e-02
9.549161807086805620e-01
-6.867912055320389841e-01
1.205986028825135753e-01
2.951346970568271000e-01
-4.463066285778062303e-01
-1.642818533098179823e-01
-9.144234770630418341e-01
-3.327659785489849309e-01
-1.668110699482827086e-01
-4.445990331643439042e-01
3.875990643676842096e-01
-2.078594911577953397e-01
-2.902863884334443978e-01
8.846172584244826886e-01
-1.017103285180399164e+00
-3.928811660960043195e-01
-2.065090270270126538e-01
-1.123867171319367364e-01
-1.443230091663606718e+00
-1.766320718592590655e+00
2.965769864865933688e-03
-2.707389701674578486e-01
-3.855269221815496028e-01
-6.576726192442629015e-01
-4.261038929318932134e-01
1.494213680561321755e+00
-7.520117287076335533e-01
1.422166018393903886e-01
-1.496576470174605655e-01
-8.602516385347787065e-01
2.122100850191454835e-01
-6.861157969353529618e-01
-4.520439096632314913e-01
-3.276126394234719075e-01
-6.446191714180907750e-01
9.639418165026085727e-01
-6.781793293616302787e-01
-6.692828218622736136e-01
2.518825359654933149e-01
2.862007255109828008e-01
3.617756270051207257e-01
4.454594234175995870e-01
-3.306976471597623535e-01
1.259530207861704332e+00
2.920192212037573953e-01
4.424591632835147559e-01
4.440359793394759169e-01
-5.655924585401894689e-01
2.055499014912017530e-01
-4.967956909195464510e-01
-1.740281671370642880e-01
-2.233994690583952086e-02
-7.159586882422314114e-01
1.015196860327867601e+00
4.674490540981893760e-01
-8.498622774972025562e-01
-2.730488808083655905e-01
-5.588515113170798854e-01
-2.090429377477182049e-01
-3.498220670496993701e-01
3.406693315780167097e-01
-3.587309316815885940e-01
-9.960821814933158713e-02
-1.354511256735357327e-01
-1.792961895045876997e-01
6.383959917704828957e-01
-3.837041387518924096e-01
7.263611307698795982e-02
1.556812392122239874e-01
-3.978743542826258528e-01
-3.198340195144219744e-01
-3.408514534487594450e-01
-6.001433700769169821e-01
-1.468895613209443063e+00
-6.691161900973049970e-02
-5.537844813816714673e-01
-8.951710762623783790e-02
4.834800170059559421e-01
-3.188765598397569345e-01
-1.252191259751022911e-01
-9.988988733608844539e-02
4.537308919856682943e-01
-7.269020314001400918e-02
5.918210311119731504e-01
-5.336282227032115300e-01
-3.227522057850645831e-01
-5.273972991148859757e-01
3.221411585273029760e-02
-7.330665996893302727e-02
-6.410544200125130043e-01
-3.204363122042533374e-02
1.761340519194280196e-01
-3.414004083424698743e-01
2.743584826115699760e-01
-9.756745021815849128e-02
1.042044000069223680e-01
-8.379568859378464518e-01
-2.424785420861758356e-01
1.319925030149257550e+00
-6.262052549537376611e-02
6.416849608041963471e-01
6.051097204289013209e-01
3.636246875833433756e-01
-1.060403863029108829e+00
2.103223911542947411e-01
-2.850939537455172701e-01
5.466098442652587153e-01
1.207979144361629453e+00
-1.096259187764896462e-02
-1.405222997883109060e-01
-8.733845388176443292e-01
-1.382371005011127918e-01
-6.155353479429346297e-01
-4.182525306189762149e-01
1.282444911189212500e-01
-3.670111103315848444e-01
-1.944904591524106293e-03
1.381344265813469585e+00
9.183585639959518376e-01
-1.903326554241579205e-01
-1.903313318080213534e+00
-1.393100247697704186e-01
2.663258266907167493e-01
-1.961348463819429511e-01
2.490945002678655873e-01
1.765438502373861962e-01
-1.336001681399138219e-01
-3.308742599792369871e-02
-1.970578040433927994e-02
-2.148156387221264452e-02
4.069623562117566928e-01
-2.594119148037472566e-01
-5.095584098001936235e-01
1.514886595361483179e-01
-5.801882365027258986e-02
-1.605338708654231450e-01
-4.148810949213724286e-01
8.096612612133751233e-03
-1.777680244958335931e-01
-8.971638778260629388e-02
-3.788989101034670633e-03
-1.607698276632845147e-01
-1.337609763936119800e-01
-5.658805119771493503e-02
1.388046383113379079e-01
3.494812037872493393e-01
2.499887000175980145e-01
-3.559287800875858832e-01
-2.353300848227235162e-02
8.419182080304946636e-01
1.443629820176735856e-01
6.742765498388856305e-01
-3.765607917793460380e-01
-5.814880955358198156e-01
-1.197843188409104948e-01
-3.678074456086460886e-01
-2.191686566667709057e-01
1.952244657890890578e-01
-2.820103564414859765e-01
-1.226448067692261362e-01
-1.543256405091270322e-01
-2.691536022348933743e-01
3.887664959557045607e-01
-2.339896290005021862e-01
-1.614495564543226180e+00
-2.819004413883660076e-01
-6.543287680935396811e-01
-3.842960812653167801e-02
-2.715948801462138018e-01
-2.144969234467570818e-01
3.829145383512543022e-02
3.662584795794625314e-02
-2.978880923234520361e-01
-1.082070375228833120e-01
-5.459801743309755651e-01
3.840869887394192106e-01
9.564715095253749355e-02
4.338000586720099916e-01
3.945279014232689896e-01
1.068280814395996980e+00
-5.564668281375904912e-02
-1.189388349353296195e-02
-2.644721079611307979e-01
-2.507343071142167368e-01
-3.968637793878094788e-01
1.346384113471317523e-04
-3.525431998686052310e-02
-1.961453004201090256e-01
1.045426263259139343e-01
-3.993735963445043669e-01
-2.212937363499556040e-02
-1.230973999902524041e-01
1.750306952796338189e+00
-1.966405492775751551e-01
-2.908150775498338780e-01
-5.145152782828002480e-02
-2.613717278205534011e-01
8.966264346376602579e-02
-6.395810703336674008e-01
-9.318414788069642740e-02
-2.654524831112063943e-01
2.252456071317567310e-01
-7.340357384645514183e-02
3.176940394185480410e-02
6.050208787833069035e-01
-6.928433897596536495e-02
2.556470741852584494e-01
-2.876060313381855194e-01
7.660897701223536860e-01
3.195667931921303828e-01
-3.908947593106866791e-01
2.724012302195690308e-02
-4.203322762880196822e-02
-5.040306563753751273e-02
-1.426278385744255695e-01
5.370497807786448474e-01
1.508283202589924266e-01
3.085815814039153948e-01
-2.084665224705501974e-01
-3.530554813498250621e-01
-4.281121700315252410e-01
-1.277683383006720241e+00
-4.823439813532421350e-01
1.242772994061049019e+00
-2.566078782118189627e-01
4.871500841802824111e-02
-2.596262040241011926e-01
2.597053834600306782e-02
-4.075404957517270721e-01
-9.296746439798424244e-02
-4.204609732201959604e-02
1.464688553062601928e-01
-1.817519240884937770e-01
-1.174601391698363972e+00
-3.038164251528480686e-01
-3.803047384126835850e-01
-1.065116313795500397e-01
1.053102501209034619e-01
-2.548131135663941893e-01
-1.478404211519749982e-02
-7.654299697268606151e-01
5.478351907466072479e-01
2.213290783708566356e-01
4.477823184270487422e-01
-1.480022825749323645e-01
-7.902398855421862711e-01
-3.796511375414804521e-03
-3.773771547056348763e-01
-5.605097030477246278e-01
-9.539968008480935457e-02
4.115841158186939186e-01
-2.244418460064647736e-01
-1.889351527750456894e-01
-5.896342517993297117e-02
7.303159915109661560e-01
1.475716980674773415e+00
-2.966161505529243403e-01
-6.951894114089753052e-02
6.429992205822254725e-01
-6.370246937613839588e-02
-4.071521644745568214e-02
-1.209386276865191401e-01
-2.588499680535261138e-01
-8.178913549626061208e-01
-4.831229643643886740e-01
-4.773465121237731312e-02
-1.159539869519583544e-01
2.099869255827022108e-01
5.373382122699509322e-01
-7.201356173144396466e-01
9.040238210144038167e-01
-2.580550608620701958e-01
-7.908644915484470683e-01
-9.788346860121661941e-02
1.291854545874345228e-01
2.474688713474912927e-01
-1.328656005786204575e-01
-4.741881255609540213e-01
8.478656298475658604e-01
-5.837598160729116914e-02
-2.638721090026622251e-01
-3.257294013564207558e-01
2.323984887736183502e-01
-7.667261926570593245e-01
-7.141824447112457563e-02
-1.292236649825109496e-01
-5.515579913741032181e-01
-4.591514825933394328e-01
-2.477068778231565627e-01
-4.800921581383711390e-01
-3.831292652571925972e-01
-8.874166183167660205e-02
-2.476026181998894071e-01
1.405807529720926263e+00
4.433288187687590975e-02
-2.475926177927102734e-01
3.030495184983545420e-01
-9.791276673793296303e-02
-1.731429499676652717e-01
-5.717829916403597279e-01
-1.208831808584723416e-01
-7.855540307846082815e-01
7.100882601714360309e-02
-2.785238170311087336e-01
3.891148338584108912e-01
5.711910145278623618e-01
1.443872601914258924e-01
-1.188322933680905635e-01
-3.214553953728632729e-01
-8.303106994445079436e-02
3.334146481779342447e-02
6.386574948388636097e-02
3.219975971052200236e-01
6.738763421317735258e-02
-1.996919090571659394e-01
9.042194914421730623e-02
-2.357095243945096785e-01
-2.154104410474328990e+00
-5.627682063337057228e-01
2.940935404841839018e-01
-3.838222365505318812e-01
8.824754027949895940e-01
2.303555695897456235e-01
3.228200329791017231e-01
-9.316705508623268628e-01
6.529488138908867700e-02
-1.071125229879756890e-01
2.198711195117308281e-01
-7.158590329297434551e-02
-9.178453647288139505e-01
-5.642663025387547986e-03
-2.765974922326773777e-01
-9.911154330106132226e-01
-1.610723737839938885e-01
-6.448778386285860531e-01
5.969830073070600540e-02
-2.079579375247054551e-01
-8.177300560034404808e-02
6.293159233434346411e-02
-1.479848205182195953e-01
-5.138890189474663028e-01
-1.913812738199457131e-01
-1.029709923734051791e-01
-1.007168570349320849e-02
-9.564618013054179690e-02
2.600793042069508565e-01
-4.133169951003644593e-01
-1.731446808997271214e-01
-5.180242578491727617e-02
9.983075332505884081e-01
-6.348834779508048809e-02
1.116189382131907992e-01
-5.465640708932004710e-01
-1.606785453556050861e-02
-6.634896650751267999e-02
-1.056242321847977311e-01
-8.522818539446688768e-02
2.858679757215126238e-01
-1.278670825341773551e-02
-7.092579986209546217e-03
8.915708776261748181e-01
2.183816529513495919e-01
6.139610722140055321e-01
3.143549993006456433e-01
-6.643287047926670352e-01
-1.285791030357884279e-01
-9.281820764263841450e-02
-2.166538052697911387e-01
-5.390928492721272502e-02
-3.565663725000694506e-01
2.478874806019985555e-01
-1.591169151393644898e-01
-9.678128547646365487e-02
1.533534626171599302e-01
-1.224538681933066107e-02
1.782787215248304580e-01
-2.643345912567218736e-01
1.361273615947189153e-01
-2.334172532743882672e-02
-9.079697500111333364e-02
5.101525503694782915e-02
1.964738263368563317e-02
3.409817250169280278e-01
-2.380937842121334524e-01
3.365853780330132494e-01
6.254518729162780177e-01
-1.369153374749926821e-01
-7.092649272032763852e-03
-7.075009282021834656e-01
-9.579761500319089462e-02
4.432006874559801801e-01
-4.604084432631146417e-01
-6.003299896543401459e-01
-4.239988315886182857e-01
-1.172065325004194025e-01
6.115362193614590214e-02
9.623470468031749062e-03
-3.493019060622882394e-02
1.285980271524179985e-01
3.373730430729937613e-02
-6.324948923353584940e-02
-2.820801124362085632e-01
-6.980515287488961440e-02
-3.082442821894361695e-01
-6.855734700928713121e-02
4.953036877625892620e-01
-5.581575663467652770e-01
-1.237587804378068451e-01
-3.160024723985389861e-03
-3.420850312020561335e-01
-2.500990295743785730e-01
-1.850426205462643026e+00
-2.598273641599239125e-01
-5.132183959476587232e-01
-8.943824787692120637e-01
5.310773344745641777e-01
3.027544973985092924e-01
2.188426559739960753e-01
-4.674970806458976780e-01
-5.013214136719294778e-02
-3.528960270164461233e-01
-6.477461435427784436e-03
5.659341557522431509e-01
-5.778846738473570888e-01
2.592123102642088228e-01
3.551884771348413072e-01
-8.864796629775298364e-02
2.548614880659820225e-01
2.001295736774835049e-02
6.288745289040692521e-02
-2.207677185718163737e-01
6.523878895005301715e-01
3.284773689006976419e-03
-6.509907293845946796e-01
2.502590583101801242e-02
-3.410656619254836541e-01
-2.428619061565997772e-01
7.377826538954279645e-02
2.270925490450485251e-01
3.827094675198222662e-01
-6.885248021339196445e-01
-4.005973004914823443e-01
5.451381175186674755e-01
-1.001453782465226094e+00
-2.986565790102754803e-01
5.320085038761648843e-02
-3.954556656185097968e-02
-4.574792394090605452e-01
-1.978657300959118237e-01
3.006605191315526171e-01
2.403646093940263184e-01
5.426080375462998262e-01
-2.068460223383445096e-01
2.185115904837846568e-01
-2.815500118787984674e-01
3.648581343379200814e-01
1.413483546250596523e-01
4.471425786790509949e-01
-4.929416315026606821e-01
-3.102598309896630879e-01
-7.145911511326143335e-03
3.709140828624013508e-01
-2.972444921548935207e-02
8.184382360480292606e-02
3.274343968181644277e-02
-7.713812358416015647e-01
-8.356591588858802711e-02
8.476964587722811695e-01
-4.453812345744826429e-01
1.337601340912384640e-01
-1.666748928509908523e-01
-4.996130089316657558e-02
-5.105583331242116163e-01
-7.203025833256299082e-02
-1.341023111819329705e-01
9.914071120882222976e-01
2.154000750900807448e-01
1.773696951724891835e-01
-7.433883263179122403e-02
-8.775049406813755226e-01
3.001997893896511949e-01
-4.307181979274699590e-01
-7.969031867513958201e-01
2.167831479398132644e-01
9.051020644830626294e-02
-5.621396818082265989e-01
-7.483629216677338720e-03
-1.801094923686469507e+00
-2.717307707209567491e-01
-7.661988595898647225e-02
-1.476064044609579073e-01
-5.139237471552159375e-01
-1.115687252018987830e-01
-6.779460967713162034e-02
4.582226438384465889e-02
-2.149996000482520542e-01
-2.823701176021361503e-01
-7.371071804781378911e-02
-4.764419975285508757e-01
8.436876944278904888e-01
-2.260122179555924260e-01
2.047830285164053965e-01
2.513492368958242240e-01
-5.453983740343150144e-01
1.840334922299043663e-01
-7.099226090804888756e-02
-2.023372415145413897e-02
1.370662858371367310e-01
-8.441577759372834167e-02
2.688459646976029682e-01
1.455833342947145670e-01
1.817766962278857812e-01
3.117453707817274822e-01
1.689307318117428541e-02
-2.525460800648390292e-01
4.629655051801394583e-01
3.757455494633509807e-01
6.795778613899594069e-03
3.893441079851362591e-02
-2.700900745266375177e-02
2.294928980584097222e-01
-9.646454820302165223e-02
-9.243628631998279666e-02
-3.174618887688610697e-02
4.440963028186958178e-02
-2.161003318189318734e-01
-1.605260791939191189e-01
-8.280285376724041968e-02
1.622170240081936554e-01
1.877206383653117761e-01
-1.879150490317053890e-01
-4.838166947763313797e-01
1.446929769032219981e-01
3.160163916967434483e-01
8.574832951846424189e-02
-1.808391695839360949e-02
4.430339586409586250e-01
1.320192326888195433e-01
-2.029885406175369750e-02
-4.235100243938127451e-01
-1.012245153469550595e-02
-4.848803356749495919e-01
-8.047822945528268490e-02
-2.207038882167953672e-02
4.380778397671275526e-01
1.074909456043620315e+00
-2.011805402683505550e-01
3.254379889072833709e-02
-7.069234640839751338e-02
-1.873391272914415040e-01
5.319947483626396960e-03
5.719252645362064014e-01
-4.311875882676368676e-01
1.753641096699689065e-03
4.209214129439088625e-02
6.140876673874513525e-01
-5.973730386668369557e-02
2.489562641910379737e-01
9.704769824491568664e-02
2.670448843584397602e-01
7.539786159857340964e-02
1.253430750582030517e-01
-2.787483955643260125e-01
-3.236746660195775893e-02
6.934566429640108554e-02
9.342641828250795866e-02
1.538325920783080447e-01
2.294157191826904363e-01
-9.253905785645423487e-02
-1.155636279886052276e-01
-2.720173787596518941e-02
-5.449957682310265783e-01
-4.333059754096927896e-01
-4.389081287211148152e-02
-4.285999708487099880e-01
5.562110116801280979e-01
-1.602336771472006594e-01
-1.757373233142948132e-01
-3.404569158309899701e-01
2.142763322211268806e-01
-1.156021100381515593e-01
-3.215397923186839035e-01
-2.211031195892494694e-01
-2.062197534025054721e-02
4.163593069061316543e-01
-3.751168064742229497e-02
-1.163301765699805285e-01
-4.054597430751363807e-01
1.470888595666330068e-01
-1.760811571628429495e-01
-2.893291243289232081e-02
-6.852735552306045419e-02
-1.946149168815152486e-01
-2.988581799075412659e-01
-3.711196184411525989e-01
-2.130833681277581604e-02
-1.494835213953296937e-01
7.648481881873146759e-02
-2.669014477619124359e-01
2.741781618757295202e-01
-5.433521704175804379e-01
-5.504455241886772876e-02
5.384435022212927802e-01
-2.756455632525738886e-01
-1.578402474269561262e-01
2.562709696359881661e-01
-1.988947788941485828e-01
2.237327199434952507e-01
-3.033249479514544752e-02
-2.627321172827501439e-01
3.902909018033223210e-01
-1.448056603494553285e-01
-3.927428864227391903e-02
-4.174670730075908942e-01
4.152655602917087671e-03
-3.683951593471262442e-01
-4.799878312113212142e-02
-1.309934770058719666e-01
1.256349187150486602e+00
-6.730069105672545349e-02
-1.017419458649313074e-01
-8.027598301889572741e-02
-5.211661497405107452e-02
5.056946858279519619e-01
-6.144265216877922153e-01
2.603628358711196356e-01
8.146034391435395816e-02
-1.213670608002488660e-01
-8.757194328481815448e-02
1.032093444088644091e-01
-3.576236129246860296e-01
-3.224196956230853672e-01
-6.002108518151457427e-03
-1.350210686940249427e-01
-6.336785162761421342e-01
3.229469874010438835e-01
-7.029549863874923199e-02
1.188854561266230042e-01
-7.739332891004525594e-01
-1.202045400038818657e-01
1.790709676700803429e-02
4.430219628781971730e-01
-2.224581460357310803e-01
-4.167728549425996076e-02
-3.119974639606205025e-01
-3.458874415987385764e-01
-1.008262018124414169e-02
-1.254680493349787651e-01
3.062404534948565127e-01
-3.122912847806983902e-02
-4.611627807446653793e-01
3.983823795443269811e-01
2.574058298744640871e-01
-1.801829474487383898e-01
1.979775765964044698e-01
-1.590517623199452502e-01
4.909808385132588548e-02
5.223751705352064345e-01
3.343435785910185420e-01
4.450847762098491395e-02
-3.870565073582457605e-01
-1.581989448529653175e-01
-6.850655433365319957e-02
-1.800679534190270659e-01
-8.005850855421355050e-02
-4.567525072874549508e-03
-3.481335560953046082e-01
-2.328190739317832492e-01
4.052992898816997758e-01
1.073985765517097013e-01
9.605044255315138280e-01
-2.411644900004678294e-01
-1.500570999044500697e-01
-1.088434018198033010e-01
-1.656664115768415324e-01
-1.192325585682270650e-01
-1.306309566698969915e-01
-2.446104309721937875e-01
-4.813478515866933399e-02
-1.654048391357185288e+00
-2.597672004037059335e-01
2.118894551134422877e-01
9.789161009194257135e-01
4.544093870629618143e-02
1.588489988883760029e+00
-2.587433800271620732e-01
2.300081192839895095e-01
4.031733803091432367e-01
3.435677795491697828e-01
-3.986201324955629399e-01
-9.214873221413316662e-03
1.903590583283834292e-01
1.456426943690710407e-01
-4.221523000163700523e-01
-7.523845249738471408e-02
-7.750885899600661044e-02
-6.006203692291237767e-02
-2.788547773531206975e-01
5.699430404021180348e-03
-6.745352388431318236e-01
-3.147182841469643444e-01
8.783217977060553405e-02
-2.492186231480721381e-01
-8.410483521530774664e-02
-4.605019887468477235e-01
-6.335221910149532176e-01
-1.748768974266114440e-01
-6.778724099842099726e-03
3.786873946385374556e-01
-1.851101729487590331e-01
-9.446600760468870650e-02
-1.235284211544596111e+00
2.961816452348660089e-01
-9.897969977449728313e-04
2.320234375368844526e-01
6.651972803779775123e-02
1.850097588654520953e-01
2.550412691652861885e-01
-1.117062846704817702e-01
2.686277779049135450e-01
-4.591409692436317080e-02
-3.261955189958397061e-01
2.107176881300779625e-01
3.468740242546666797e-02
4.707207221235802375e-01
4.113734812871147617e-01
5.360902357320644906e-01
-1.860283714423319017e-03
-7.572574714720900491e-02
-1.071777529237381288e-01
-2.568955014947508358e-02
-6.008846404191162116e-02
-3.407783883853415102e-02
-4.687283592474344451e-01
-8.205810718347752442e-01
-1.743510717176489618e-06
-2.670062122588673370e-01
-2.278897495567260359e-02
-6.837054143556022812e-01
3.569018996091491980e-01
4.054051868708719031e-01
-3.454090880448755785e-01
6.420004799902608028e-02
-2.142378671903023279e-01
-2.521150738522193527e-02
-8.076361206509626023e-02
2.224022566005900980e-01
-9.348711559914905933e-02
-9.475516825390609132e-02
1.765781106522711918e-01
4.133215761754482909e-01
1.040097103950772955e-01
-4.001072706017331365e-02
-3.963838718813023770e-02
-1.251603101879351643e+00
1.078254538248929889e-01
3.406354621887112688e-01
1.279648236526245708e-02
-5.633534936171408908e-02
-1.406082069556922054e-01
-1.668720514567253732e-01
-2.990375661282844866e-03
-1.242418238713911133e-01
-2.814662181279219480e-02
-1.505614455768851112e-01
-3.039266351561534796e-01
-8.076595179482974618e-02
-2.463135255876046925e-01
6.690321012597727490e-02
1.066396576665333412e-01
-1.299981877333446501e-01
3.939384690105900144e-02
1.434133534853173630e-01
3.768145849221140598e-01
-3.166246508921443104e-01
-1.876652170706603062e-01
-3.435768980914158943e-01
-1.213474284584889068e-01
4.126456057356664986e-01
1.416101669027331200e-01
4.964583488618132256e-02
-4.108665974066672000e-01
-1.424771897685875310e-01
2.671911676992873019e-01
5.424862017496271394e-01
-3.443032714170416453e-01
-2.672509127380041094e-01
-2.929987903372705330e-02
-3.247553244539969630e-01
0.000000000000000000e+00
0.000000000000000000e+00
-7.132558655794046798e-01
2.149366638024413027e-03
-4.278248793527023031e-01
9.126629988566434815e-01
4.481875992397946901e-02
3.168279889672823146e-02
-1.041160057003343298e-01
6.449925245198416812e-01
-6.521812844882370064e-02
6.718140174027609213e-01
1.357494099754242844e-01
2.316460158335157671e-01
7.025774548332727187e-01
4.050232825531032144e-01
4.223394486573006645e-01
-2.185468778722444994e-01
-4.028415503514300861e-02
-3.196726698475185757e-01
-3.836003607237908342e-01
-9.031697415060886691e-03
7.709946652907669062e-02
-6.045683024750579948e-01
-1.011978891442732037e-01
-2.406389275382578574e-01
-1.595873342634690495e-01
-1.051459841334592832e-01
3.855381147684047161e-01
9.053966942651381355e-01
-6.040153416070271897e-01
-1.435119979057072892e-02
3.084008071089026914e-02
1.122967741169512701e-01
2.087133452404867640e-01
-9.211383730941610781e-02
-1.622057737685361212e-01
-6.140807921430360139e-01
-3.904600740945635834e-02
-3.262563357047260637e-01
5.780729503890933429e-01
3.920887212906027375e-01
-3.604113011902417701e-02
-4.534313380548353756e-01
2.543486550339092434e-01
4.696714167969130438e-01
-3.508124038240631633e-03
3.225930193440430527e-01
-1.092970054604196495e-01
1.293642156023435408e-01
-1.679229551162266243e-01
1.996460444750391139e-01
-1.008532171334288741e+00
-1.491356211616549909e-01
1.680817777908907018e-01
1.980843801784195335e-01
1.419806067001067734e-02
-1.336602952558601509e-01
5.919156454589518876e-03
-9.507263334107537434e-01
4.129834532909917866e-01
-1.796714927216626623e-01
5.574900195639995171e-02
1.655600699288842584e-02
4.758490129110486966e-01
-5.355785834650779176e-01
6.388262308868737360e-01
2.725125330216750241e-02
6.701653328816006283e-01
3.328482567853756069e-01
8.651029926908684886e-02
-3.200366151010711757e-01
9.859348584441779417e-01
1.087834918129605005e-01
2.574452236422658524e-01
2.305267311162479404e-01
-4.947245220904856328e-02
1.489008209698811092e-01
7.744508066330695918e-03
1.916623380975992219e-01
-2.367422983797819569e+00
-2.317108708568711706e-01
-1.595837671792809387e-01
6.168841910630085135e-01
-3.023500302054800137e-01
-1.078174775764356580e-01
1.261597415290897743e-02
1.057582151040500906e-01
-2.590337673299407117e-01
-6.605831697367833821e-02
2.824744668910840750e-01
-1.079834933492227617e-02
-1.452023839285971063e-01
1.837318423664855982e-01
9.659160272269519398e-03
2.479266347570700246e-01
-9.369430738177858542e-01
8.175466756664376278e-02
-1.697382576216447392e-01
1.380560991405050397e-01
0.000000000000000000e+00
-8.888247634529725105e-02
-9.294007463674996972e-02
-2.717016101104125503e-01
-1.355299921055270473e-01
4.405968298666884664e-02
-1.556048926507142827e-01
1.328205105936653974e-01
1.320290744319737364e+00
-9.000791160564597382e-02
-8.418362286544600961e-03
-1.684240622513904218e-01
2.000326878596913049e-01
2.490898221382020217e-01
-9.289167385766708418e-02
3.078178145902191520e+00
-5.806152637944192452e-02
-4.510611465709609136e-01
-9.148364576652145974e-02
-5.881062415191018120e-03
5.170951191100594535e-01
7.052451928868998243e-02
-2.082534388911281842e-01
-6.278504689745472156e-01
0.000000000000000000e+00
2.944043296864319315e-01
-1.116093079699683466e-01
1.174684839228136782e-02
2.816896265180708278e-03
-1.609181407776605344e-01
-1.400476717202682464e-02
-8.111934888612697403e-01
-5.729658678427272944e-01
3.208726993710134257e-01
-7.443460044719685254e-02
-1.840188622474417113e-01
9.239538764346989785e-02
-1.274662814630542207e-02
-1.247703329835406078e-01
-2.920640000326747265e-03
3.118512350723582904e-01
1.266712161624321820e-01
2.724620719667190660e-01
-6.456150557214319907e-02
-8.286504375965161873e-02
-2.090042496246517084e-02
-1.073944878649999435e-01
-1.297230483946213153e-01
1.097491523109380696e+00
1.592426970404252629e-01
-1.183850626640112202e-02
-2.066900942625664039e-01
2.184440472920380280e-02
3.304557541253565489e-01
2.035795275309851549e-01
-8.531663653011258008e-02
-2.031660784955370280e-01
2.642868271473601260e-01
7.420723067078309476e-02
-1.702277575905032092e-01
-1.600370448722241157e-01
-1.597805739288927773e-01
-6.457720448708635652e-02
6.581249577979272902e-02
3.049497576871855187e-01
-5.864398938358340516e-03
-3.564126470669890523e-01
-1.138437760827487044e-01
-5.300560769973625130e-02
-1.971005404383931181e-01
-4.006111709617729000e-01
1.454230809787734335e-01
-3.391327535838651874e-01
-4.089506378141934129e-03
-2.460217309012197873e-01
-2.279742855106760002e-01
1.013395544954624229e-02
6.886567747115798221e-01
7.920637982518663467e-02
-1.924025779589485508e-01
-5.451448303200995271e-01
-2.702800437886905827e-01
-7.388354078192981012e-02
1.803697434462154803e-01
-4.067041969313506256e-01
3.206725150802697821e-01
-3.476474894964764473e-01
-3.039646304946445193e-02
7.934738993186087053e-02
-1.442305792006023102e-01
9.641477705757242611e-02
1.343538511096130650e-01
-2.546353445381617231e-01
4.804618741385172087e-01
-1.392298702666785182e-01
3.873829239666122526e-02
2.873350356034050715e-02
-1.038929322881400052e-01
-1.076603957156781755e-01
5.437768786348420175e-02
-3.730053089874675321e-01
1.645255191221041760e-02
5.782645293076972282e-01
-5.448636665956634317e-01
-8.368978561752344891e-01
-7.998237875242011907e-02
1.962723015481890321e-01
8.066738196765360636e-02
1.464775771910990787e-02
4.603947006824218174e-02
7.566278762165279392e-02
-3.924280525757610771e-01
-2.715430941137378373e-02
1.920786793880748522e-01
-7.211515947798620429e-02
-9.482839419876942788e-02
-5.793722930508854452e-02
-1.005070449349641182e+00
6.740299243539854025e-03
3.617172536878204281e-01
-2.024728792824805890e-01
8.883201767349650779e-02
2.684551086681436494e-01
1.453449671898369988e-01
-1.562909966529043432e-02
7.846281213649545228e-01
-1.257798114642811639e-02
1.431609508004904469e-02
-3.092499714357719101e-02
7.498118472388646261e-01
-8.891720256482034401e-02
-3.287222503548277441e-02
-5.211258506657402700e-02
-1.337356746299483146e-01
9.651779400401676590e-01
-6.603961438868943823e-01
-1.588824532458175398e-01
-2.151685316606342657e-01
-2.923563195525250014e-02
-1.154042923405623755e-01
-1.381352146055565833e-01
-1.514167711315110854e-01
1.119241631606486195e-02
-3.124627448272519481e-01
3.105287411083030094e-02
4.018225071495512557e-01
1.631449471442582011e-01
-6.321476865578548598e-02
-6.180692378113757102e-02
1.162064921833106723e+00
3.069084590913856089e-02
3.239616442441240474e-01
-1.582289128385195032e-01
-2.382230843742189907e-01
-4.327588088146102491e-02
5.546111866335519114e-01
7.013230017992319043e-01
-6.274879453872367341e-02
-1.662815194709876265e-01
2.485985983014544487e-01
-7.938778906899973675e-02
1.056781559121743319e-01
-3.163652706610981524e-01
7.845260007028281857e-02
1.622665121673994570e-01
-1.535849153914183307e-01
2.150168143851489966e-01
1.613207664486078496e-01
1.416744686576017764e-01
1.648310977624066753e-01
-1.338364441233162450e-01
1.050490518089997188e-01
-5.859647996969993833e-02
-1.334354016398545673e-01
2.147291859041762674e+00
1.384979224206710387e-02
-8.226552827499636344e-02
1.302466181851336668e-01
5.684771776860002290e-02
-1.991579965089825266e-01
1.139312102625359840e-01
-2.072653493280389170e-01
-4.578816318241763633e-02
-1.044192825812639835e-01
-7.403474285338884631e-02
-4.709985803027959550e-01
-4.676081164425815451e-01
-4.150220735833695662e-02
-1.183228754855487896e-02
1.019443564812196751e-01
1.270384387086442857e-01
-1.596090977424266810e-01
-9.957980107351913079e-02
2.162854035492483840e-01
1.244987524737437845e-01
2.268878949774701947e-01
-2.931612759156281833e-01
-9.585091088718994401e-02
-2.386534137746136944e-02
-2.808589603705649931e-02
-8.803918340387506536e-02
4.188461875941230650e-01
5.921314355949190006e-02
1.400965839508544197e-01
-2.150770020975148189e-01
6.977539914411508004e-01
-4.448282818104792868e-02
-1.149366292120973299e+00
-5.724310806715797728e-01
1.664563080486432256e-01
-1.130188775266154910e-01
-2.593330462356881541e-02
2.701228750341376217e-01
4.137783928461875038e-01
-9.477321963427368656e-01
9.100655344748773690e-01
2.999483943335153890e-01
2.862167150826564477e-01
-5.090447571094046386e-02
9.075016069863479570e-03
-2.421311856313339561e-01
-2.399516701529135210e-01
-3.276935183071825186e-01
-8.295373210678892717e-02
-3.587224274697620729e-01
-2.465600234223088161e-01
7.072864860902494666e-01
-2.399999999999255507e-02
-4.838164959561139927e-02
2.531099682614662214e-02
3.029662535317104687e-03
-8.494423088771557717e-02
2.491979668479150922e-02
-1.472928314668644212e-01
-1.395494164162190687e-01
1.133475792928987785e-01
2.013906922063407601e-01
-3.920309548572061334e-03
-1.692813481259236585e-01
-2.665260676094190484e-01
-8.711738668348983916e-02
4.957152557359683076e-01
4.505385000750950497e-01
5.524729985825828360e-02
-6.429672510205314273e-02
1.672365161750599127e-01
-5.124436278420391178e-02
-2.944464304817663303e-01
3.162972121773381939e-01
-1.098193303648036488e-02
1.044966181239054825e-01
-3.449748133261798522e-02
-3.703677677640479504e-02
2.221465163690886091e-01
-5.080532402918722101e-02
3.495868625941950247e-01
1.135326522453768555e-01
-3.040435504959362184e-02
-1.533212620859798758e-01
-6.436067691134615687e-02
1.036598726672374911e-02
-2.061603303018306466e-01
-4.634176975139818744e-01
3.821198849574763967e-02
-1.007714694663674471e-01
5.007930924106121506e-02
-1.122331896945995972e-01
-7.535458921380185082e-02
-1.782724893874451655e-02
-2.554251712698834761e-02
4.724557349680436058e-02
-1.393781247285943659e+00
6.453382660766197043e-01
-2.172457274014256978e-01
-7.286446837536107723e-02
-3.430361626844956047e-01
-8.598834648601355601e-01
-1.778155038502824969e-01
-3.740153235407660953e-02
-1.970349957332438173e-01
-4.855584681742892289e-02
-4.959622634726401080e-01
2.834556993030431515e-01
6.071978038366252634e-02
-4.308573961071936881e-02
2.161263212937249156e-02
3.371968406030669690e-02
8.554960473587221170e-02
7.904385063739627348e-02
2.093049261750358769e-01
8.907033143054038371e-01
-2.125948939773047996e+00
-1.275242644527846414e+00
-2.273810772610572739e-01
3.798398957905645135e-02
-1.462563801476013392e-02
-9.372976100206159220e-03
-2.216276220247263007e-01
2.916941620563764381e-01
5.043442435004433233e-02
-7.178117031954787952e-02
1.823909164363658048e-02
-1.777463924079379087e-01
4.218366012481926108e-01
3.124503897443070000e-01
-8.384536784844419388e-02
-5.902297498604085479e-01
-2.800000000004553014e-02
-2.289008858447717232e-01
-2.652686870533473018e-02
1.310785296492950579e-02
-7.958243753117293096e-02
-4.874430450161418293e-01
1.688559334435420778e-01
8.367825393249116450e-01
-2.364786606650166600e-01
-7.499736082013597205e-02
-2.715480745898175563e-01
-4.645534013513543531e-02
-5.111369785188354387e-01
-4.390176275513405467e-03
-1.010102078376445389e+00
4.320063080556853924e-02
9.058560230269291705e-03
-7.329883449945630292e-02
-2.072375375262868358e-04
-1.119484340743500672e-01
-1.994437296082643141e-01
-7.592322448361561726e-02
6.654871078011195262e-01
-1.894728176712094925e-01
4.082348767398188416e-01
9.238537080856207284e-02
-1.144971670698354538e-01
-1.426249806647185148e-01
-1.528418994654660301e-01
7.234753112346391235e-02
5.556525581480202813e-01
9.876280052519176289e-02
-9.584874228142414854e-02
9.727094564288408032e-03
-1.437714901513645060e-01
-1.503135575663144818e-01
7.791746623600023791e-02
-3.350483788435217325e-01
-9.435770591026246823e-01
1.949955091906532267e+00
-2.317842617493779955e-01
-1.587125964667653044e-01
8.915790726503662611e-02
-4.471906740898399374e-02
-6.530240472099825902e-03
-9.589525359081431388e-02
2.091776811185821344e-02
-5.153018399113985515e-01
8.006197352115776433e-02
-1.001197214616210834e-01
-7.097848919910150489e-02
-2.724374440379292439e-01
3.039301302030386065e-01
2.102408530150523536e-02
1.110503519723746946e+00
1.003431511308059722e-02
3.572775841608618053e-01
7.841596964180219329e-03
2.739421303151896581e-01
-6.260504132133658250e-02
2.770274531323161926e-01
-1.980814238472882599e-02
-7.178433161009700747e-01
6.616387029128620312e-02
-9.406608971059567115e-02
2.049776593780926887e-02
6.855950436387632518e-02
-6.622779763071398040e-01
-1.472338915593730257e-01
-9.984052895448065901e-02
-4.831345674264845148e-04
3.104182915934364795e-01
3.176431585500468641e-02
-1.997299752039465026e-01
-2.603348999300521618e-02
-3.617314340181865956e-02
-1.157099612822124479e+00
2.477376270236670425e-02
3.651396961119168089e-02
-1.787356632147951013e-02
-1.423293937795173658e-01
4.361606404871157944e-02
2.418464728559428095e-02
-1.499413011583086881e-02
-4.694459439347423713e-01
2.175153270325143329e-01
1.103753050759545551e-01
-5.354487010595740393e-02
-2.016478038918100291e-01
-9.140913243843591662e-03
1.039292935681328661e-01
1.923789116124552945e-01
2.546342461879214647e-01
-1.847550291794846089e-01
-1.627075558073237949e-01
-1.650511021215109175e-01
-3.803669925365102400e-02
4.948004073848689954e-02
1.119159539158620653e-01
2.033409332121892399e-01
-7.074117076995639630e-02
2.782128553497698747e-02
3.040061341207936363e-01
1.598932576982186604e-01
4.259925036560824330e-01
-3.070415343264140118e-01
-1.984943263167920219e-02
3.169009581345049731e-01
1.826295390478206160e-01
-6.270095812170967120e-01
6.740385500115293749e-02
5.154754843433813072e-01
-1.325692482134856708e-02
-4.775233179950422180e-01
-3.150274353743655054e-01
-7.276715163887054194e-01
1.927851152925017242e-01
1.018651677206188107e-02
-1.940162501934286354e-01
2.623752718991973487e-01
-1.020833405268982919e+00
2.030017588816054097e+00
2.365345971369561817e-01
-4.645008942452868439e-01
-6.386598831139382593e-02
-4.805524719991202121e-01
-4.786605746896828439e-02
4.978842703299744543e-01
-8.638751662643859852e-01
-2.999999999999957562e-03
1.122351357020787255e+00
-3.040181050940265767e-03
2.114302829185325527e-01
3.535570312176174179e-02
-1.189686323879696056e-01
5.453542557419656378e-02
3.613532315220367025e-02
1.134927951754215736e-01
-4.748497527761535823e-03
2.477923767262503185e-01
3.221667326753699379e-01
4.365928824846864592e-02
5.343918162210182371e-02
-4.785517231863942178e-01
-8.849749213498227240e-02
-8.368732634317217756e-02
1.532575713148945917e-01
1.618780446255913830e-01
-2.916032852514402474e-02
-3.760301324015174473e-01
6.073764613229967191e-01
-1.493595446283099148e-01
9.650628393632357249e-02
4.418985626615828943e-01
8.373477905894437245e-02
4.018746638329733778e-01
-5.424492765418406637e-02
2.919888251966731851e-02
-3.686228013565874539e-02
-5.358431794684291594e-02
2.463161216256257169e-01
-7.825867196912621448e-01
-2.007350805726536638e-02
-1.000069856261721598e-03
6.417774341702660312e-02
3.454558237700563333e-02
1.920015453021417171e-02
-6.749807155921001833e-02
-1.659233015020823987e-01
2.470019351844054273e-02
-1.120395596384146734e-04
1.061443591775509537e-01
1.107211036850265853e-02
4.911422384398158036e-01
-5.638323465784694094e-02
-1.870089770174981209e-02
4.412093985883540348e-02
6.324017210830339408e-01
-9.808493998648191992e-02
4.323093131184141402e-02
-8.120071026156064353e-02
-9.546187558880349366e-02
1.543956941642488090e-01
-5.220207142066824596e-02
-6.617495434142450783e-02
4.955742733954077162e-03
-5.497817038998593225e-02
8.816694630451013537e-02
2.664716475438272392e-01
1.496421909680900608e+00
1.625619452814617283e-01
1.639772803819287417e-01
-6.103448170713408893e-02
-4.604317195773701549e-02
2.493354197983272513e+00
-2.465410181824720728e-02
1.933979834138301879e-01
3.806634412847418464e-02
-1.275419429919261716e-01
-7.939715111943482229e-02
1.424857601005295044e-02
-1.387228311638521172e-01
1.885211421568747797e-02
6.979848171873637153e-01
-3.439904363930089137e-01
-1.059894193226885717e-01
-1.211258725982242157e-01
-3.001169327510109230e-01
1.484482593465760725e-01
-2.319088211162698421e-01
-2.739963198020811327e-02
-5.573758736930860547e-01
-3.649402576262864573e-01
-6.924285573097049840e-01
1.451534712016259998e-01
2.003678896398347967e-03
-3.829947704194299613e-02
7.537632470552076136e-02
1.046629815169409922e-01
2.247238836737481815e-01
3.600174323275810440e-01
-1.171281393014677041e-01
-1.310875808231652118e-01
3.178787638967205294e-03
6.822947507265879619e-01
1.618798289885262864e+00
-3.493402850631453782e-02
2.749603377245540565e-03
-9.200935297440392124e-02
-1.363792485030994837e-02
-6.426844141419198186e-02
-9.514416563762696788e-02
-5.710006298101846789e-02
2.489624986887759128e+00
3.871700507282407194e-02
-2.625899983184737385e-01
1.532871976306770523e-01
-1.159835670926790130e-01
-1.193648208000021027e+00
2.140214848427324582e-02
1.236851184930659597e-01
-1.964967715802843351e-01
-1.213396568048532576e-01
-9.105728125041238213e-03
1.642043097764451370e-02
5.379247788003570230e-02
-1.671428150247603328e-01
4.498103226756434148e-01
2.080448770928119195e+00
-9.770282124689842751e-02
-8.588408969446105490e-02
-1.509130523037994220e-01
-4.411352797899679989e-02
-1.679239524010709694e-01
-1.370822939350839764e-01
-4.546717952487717290e-02
-1.639456132554912848e-01
-3.968164830455328529e-01
4.079783072056312326e-03
1.672515060903961848e-01
-4.560454628670380234e-02
-3.688655953187282982e-02
1.953055539295511095e-02
-4.703678048216830554e-02
-8.303402486727463616e-01
-8.009370539514355791e-02
-6.645711174552969627e-03
-1.710732342092133595e-01
-1.974043448964894198e-01
-4.843009880546771950e-01
-2.881188308398556219e-01
-1.461934335418752472e-02
-1.299501872358320778e-02
-4.357813198542204863e-02
2.504526377556455172e-02
-9.782249532797060443e-02
-1.387192782482704889e-01
-1.038965794986721342e-01
-2.242428390097898905e-02
-1.080017097852823404e-01
-6.050857376927119002e-01
2.002864114714151544e-01
6.009141568723636723e-03
-7.537991925822226658e-02
4.237829455711508708e-01
8.263535181764954107e-02
-3.503821419177747254e-01
-7.460751648280412873e-02
5.306609527667824344e-02
-4.769981252245698855e-02
-2.814523113353460948e-01
3.343681908293582444e-02
-1.942436765346217675e-01
2.312270134625134810e-01
-2.782215424762432901e-02
-1.461434436813367377e+00
-9.991701566667153533e-02
-3.990559955799313774e-02
-9.148746041684752139e-03
-1.783161672127413500e-01
1.960680210492762032e-01
5.331863987242368291e-02
-1.241505167570959023e-01
1.521674756100591386e-01
1.082346477256189710e-01
5.935433578739970351e-01
-6.891469160046302667e-02
-6.741813696420716207e-02
-2.093604032915783730e-01
-5.771326050028093846e-01
-3.051864431622592910e-01
1.760786711615793809e-01
8.361976759829006789e-02
9.689031686836006851e-02
1.052467873152635180e-01
-3.321003170608734512e-01
3.128505274783462131e-02
-6.838681982186133740e-03
-1.331288139077215216e-01
-2.302450664481289211e-01
1.537462974144390815e+00
-1.105244655162669447e-02
2.062519143159774471e-01
1.054559538656225426e+00
-3.382167815141334799e-01
4.398725772370482012e-01
9.276941909393615626e-02
-1.831044711287600768e-01
-7.140092386700633287e-02
6.809184097591885337e-03
-8.949324892732370487e-03
1.739217249943541821e-01
-1.358706714210675404e-01
-1.281774380801916913e-01
2.420554285236233005e-01
1.231710682766439940e-01
-2.020715449869347757e-01
9.633787387185997753e-02
-1.102329161316090850e-01
-7.314706739534672895e-03
1.042436515575623779e-01
-1.330917945133073266e-01
-2.373404668309397336e-01
-1.645014397870262213e-01
-4.544133389301839576e-02
1.757874446938630653e-01
7.207797422983557196e-03
-1.047103447663721570e-01
4.017899248466547113e-01
1.534157919852053575e-01
7.663571540823480022e-02
-3.764646078976627841e-01
-2.695879083408975752e-01
-5.439449560546809614e-01
1.155921617565989074e-01
-1.122760850542993544e-01
-9.921446215194395721e-03
-1.039715013459575343e-01
-5.649357107440894539e-03
5.083846266756557319e-02
-8.773544848914115180e-02
-2.829541387202631486e-01
1.547288247491540036e-01
2.230532099935707835e-01
-3.014440895726513622e-02
-1.870783732777020203e-01
3.840282193532470467e-01
-1.914243883501662302e-02
-2.078116981843511624e-01
-9.559819769840673109e-02
-6.944017212857958067e-03
2.882762750338322202e-02
-1.900321418793681286e-02
-1.895102217848305126e-01
-4.330829594676514072e-01
-1.638406981710849308e-01
2.853784555939322190e-03
-5.244644111217040550e-01
-3.226832037793169600e-02
8.988353750959933441e-02
-3.049429524975602046e-01
-1.557655560207066997e-02
3.154898396046642369e-04
5.288487605935835584e-02
4.399174629793127511e-02
4.595821235066235855e-02
-1.055924999284655469e-01
2.555754607384434773e-02
-5.966333580244563839e-01
-1.465728973886188183e-02
-5.727944307593588191e-02
2.210403230707627328e-02
1.000039298287169476e-01
-1.834001478870387336e-01
-1.489197249833184439e-02
4.936755102067986178e-01
1.126402047298795256e-01
3.818696449460437514e-02
-3.544812877491293479e-01
-5.580746805260343793e-03
-1.841715071467120157e-01
-7.029531079821101439e-03
-2.366359764685033867e-02
-5.373770382228385684e-02
2.397294746775779639e-01
0.000000000000000000e+00
-5.343927263800735128e-02
1.806300019377503618e-01
6.855819844116065043e-02
-1.522098959359998949e+00
-3.819100203537904858e-02
9.234410738314944092e-03
-5.868222645319463165e-02
-5.587448533366356357e-02
1.000597661649913483e-01
9.863965573567956557e-02
-1.942658312401813192e-01
-3.367601211731917343e-02
-5.426654182444846063e-03
-1.031521518275212157e-01
-1.126785623322526519e-01
3.408270243635359575e-01
9.564123814530975376e-02
-3.658500679725749938e-02
-1.286897370620954106e-01
3.158189165900069512e-02
-1.152946380909763147e-01
-5.220050742678741112e-02
-2.235032838774404784e-01
-1.057427253699041725e-01
-9.749317900622052335e-02
2.358086186690639685e-01
-5.354161060819475626e-01
-9.729554609045248936e-01
-4.156519196216861833e-01
6.115865420180497530e-02
-2.575455427822604948e-01
-3.161351604640792734e-02
-3.642845203719236036e-01
-1.474670151323560774e-01
-3.301247434461195285e-01
1.665014764624313526e-01
-1.682560238287214849e-01
2.095739029656567068e-02
-1.731956251735106977e-01
-4.279220397087635797e-01
1.296465059782194590e-02
-4.567155959060381631e-01
-9.600574915309589841e-02
1.019909712003650298e-01
2.062519143159774471e-01
1.992864114714151536e-01
1.992864114714151536e-01
1.992864114714151536e-01
-4.831391197146115979e-01
1.102122681385216824e-01
-4.436870551536625101e-02
6.387528746542961433e-02
2.905952974786151222e-01
2.721802991620347195e-03
-9.208052750074285919e-02
-6.804419872679141890e-02
-1.315023125341646670e-01
-2.021251759013362181e-02
5.430190011347323098e-02
-3.175448853062216165e-02
4.630676707371784717e-01
-1.057828746969168617e-03
1.469432557228849690e-01
2.475067630956452880e-01
-2.479704779921758709e-02
9.435728836755169491e-02
2.059004585486612915e-01
-1.819403834804541875e-01
-6.698117322057051126e-01
-3.831201939558138148e-01
3.300290447409338079e-01
2.371016200236267524e-01
-4.327247304855092458e-01
-1.844243885931694943e-02
-7.666325607500844297e-02
-4.100003558884878635e-02
-9.577351199067629661e-01
-3.336943454787725388e-02
-7.127416161433689501e-01
-1.751701974878939333e-02
1.031593832568328435e-02
-1.472323304541857392e-01
-1.280593447832765498e-02
1.182897625500557576e-01
6.921006185628479634e-02
-1.520763323264598676e-01
-1.039464882555942715e+00
-3.702205729686295840e-03
-3.229457550106570873e-02
-2.746169679262271957e-01
1.260747374450038594e-01
3.015908505057371750e-02
1.508581880839190157e-03
5.630095155387571625e-03
-5.300027676838582613e-02
-1.974330064664418793e-02
-1.778749747111896262e-01
1.421864151381594943e-01
1.938978913233893042e-01
-8.972050885251234287e-02
-1.102321270981553303e-01
-6.238729138521383055e-02
-8.705807982687430169e-01
-5.579738088856747713e-02
-1.065645034998966706e-01
8.999958011058229596e-03
-2.740636071405366456e-02
-1.140204902325218789e-01
2.117801393482259542e-01
3.307400824287950233e-03
-8.332900365708112086e-03
-1.576447979872691238e-02
-3.412392969371379897e-02
-3.125904592217552957e-02
-4.048128053771997414e-02
1.896913500824986554e-01
-8.084580769372630427e-02
1.480938764410601530e-02
-1.444432611283243406e-01
-7.200000000094670949e-02
-2.442152747462044034e-03
-1.059829982444628060e-01
1.703170036839996848e-01
-2.467611598896919944e-01
9.810931094239168093e-01
2.158528856867134027e-01
1.929115605092350805e-01
1.005312332654514085e-01
1.689952890725297530e-01
-6.290908188649666638e-03
-2.446839415751551339e-01
-3.322535550368466151e-02
-7.845156780346832504e-01
8.434233704293681716e-03
9.232373166830799838e-02
-1.503049845767257149e-02
3.473288561541119646e-01
3.613760676537886574e-01
4.999429309293452195e-01
-9.166003643327545747e-02
4.846980666826905537e-01
3.506434956339055109e+00
5.751804118066473903e-02
-8.711119530545434753e-01
-3.019346245436836940e-01
1.030234771607863448e-01
-4.160555938625239841e-02
4.827358565040703459e-02
2.358643669955218930e-02
-1.785232065445155059e-01
1.509583415735311906e-01
3.835575055037086789e-03
1.298462310234878014e-01
-4.076116547295549064e-01
8.616588365167549002e-02
-1.156471656061534153e-01
-8.900043356921362447e-02
-7.500000394714965990e-02
-1.176072144694053856e+00
7.528067236959552766e-02
4.001853705859025404e-03
-6.655793549435118188e-03
-4.524671662464480049e-02
2.651598376296126491e-01
-2.875428475045715415e-01
-6.187852404312375876e-02
-2.452762389951591848e-02
1.730336813201834023e-01
1.119014120743119373e-01
9.998215877032798349e-03
-6.805897873501481898e-02
-1.258962565050286177e-02
-3.727128364431560925e+00
-6.844574313401599608e-02
-4.108130567287588547e-02
1.388670719035253465e-01
-4.338143630024656749e-01
-8.206179277565432695e-02
-7.644213464079126219e-02
-3.811174221118786287e-02
-1.433018092892712758e-01
-2.859429724411612431e-02
7.731597742948659834e-03
-1.294684222786962949e-02
-7.250160384988640905e-02
-6.455978267125868364e-02
-2.160724391554511570e-01
3.529718880681371740e-01
-2.656171192818342908e-01
-2.044546035529467287e-01
2.147005570145616160e-01
-8.947919507899085301e-02
3.039571176717635950e-02
-2.865416035783121054e-02
3.121387523386350837e-01
-3.918642739156013438e-02
2.617094570886430716e-01
-2.308552700071678232e-02
-3.857008894427180635e-03
-5.104531656365104419e-01
1.075502119430819192e+00
1.534026534712202294e-01
-3.204859250851219837e-02
-5.948439493235584130e-02
3.663804348991563185e-04
-2.017066631715002945e-01
1.274411770698644641e-01
-5.450678262486230441e-02
-6.252315755771832573e-02
2.524665039257885726e-02
4.915752587402703877e-02
-3.814428873425799917e-03
-7.879293627181639670e-02
-5.262775431812046767e-01
1.241404900103345033e-01
-8.287897586043033171e-02
4.834351625691196697e-02
-6.344340857161387404e-02
-2.812926605922751871e-02
-8.324712557867989388e-03
2.207172400558590417e-02
9.560864446008543460e-01
-5.237600938718294658e-02
4.830907267705785713e-01
1.711851857943202271e+00
9.311784088750815758e-03
-1.294017838125429906e-02
-5.709828082352214583e-03
4.204980967882997883e-02
-1.076364952694661321e-02
-2.349683017578716726e-01
3.533613199590150966e-01
-3.459341980267200967e-01
-1.492599893832269320e+00
8.718409735778386016e-02
-4.011428929525847481e-02
-4.880054408787974918e-01
-1.876587096118263829e-03
1.498254603331095058e-02
-1.425597166990002140e-03
2.518985722071074296e-01
-3.041328402888356930e-01
-1.289423288759472319e+00
-1.363380105678560147e-02
3.696627438004859018e-02
-9.959464911041726772e-05
9.860189188577318797e-02
-9.801775140943349424e-03
-1.046734147151167915e-01
-1.455661511499682370e-01
-1.781761023140708902e-02
-5.307462036246405335e-01
-8.408675628391665269e-02
-9.761895963885745126e-04
1.627974829613131405e-02
1.387776464521879860e-01
8.163851459683554856e-02
2.308515447232075135e-01
-3.602080022577420215e-01
-1.677773016531895478e-01
-1.578717658039539007e-01
7.553894356185419934e-02
2.707383481445870682e-02
-3.018538945575295618e-02
1.319371654642107761e-01
-1.642315426313168958e-01
-1.714431888462243925e-01
1.042272934022240860e-01
-2.161507423773102454e-01
-6.775204973371212747e-02
-4.198330435289935880e-01
-2.724124673715870235e-02
5.331435102443085050e-01
1.219320558692769674e-01
1.612163720366171019e-02
1.977047343057056761e-01
-9.575478165465407809e-02
-9.687766698727949197e-03
-1.170765588623662312e-01
-1.389644403895847098e-04
2.258210580051399352e-01
2.418716765388280454e-02
-9.317837658047811722e-01
7.101177221273159701e-02
-7.166127260123027198e-02
5.938895851836970691e-02
1.606411251015140984e-01
1.191130687530264354e-01
-1.886375397980064872e-01
-1.953607281459819323e-01
3.086161606052029160e-01
1.744715366677124235e-01
-6.189915871438220196e-02
1.116420599467059793e-01
-2.904303437347088845e-01
2.738907057501866471e-01
-1.232013487378488814e-01
-3.414602940260637043e-01
-1.364684627199515277e-01
2.727697485630680707e-01
9.580253376122828401e-02
-5.431773102805137476e-02
-1.887233022659826065e-02
3.899023747036186593e-01
6.760229020458963234e-02
1.538780199233906465e-01
-4.684572242188859981e-02
-5.664920965089356719e-02
3.905626988893307061e-02
4.447327198081268973e-01
-6.518412812585210325e-01
5.933125942711657552e-02
-1.627015638152941590e-01
-9.534815221553960551e-02
5.840399206577812086e-02
-1.053806663479996998e-02
-7.550561959163855363e-02
-1.148481480473407534e-01
-2.710316269400344855e-02
-2.312514865376631354e-02
-4.884542553264446113e-02
-5.529820221624692778e-02
-2.624205428640765531e-02
-2.157483335497492258e-02
1.435023015366556909e-01
-7.345374687480801801e-02
4.202620609325528889e-02
9.750196620549578252e-02
-6.923077398793719972e-02
2.348614628180810404e-01
-2.930011858146868570e-02
-3.330198730571983586e-04
8.859993117288340880e-02
1.328551802094492806e-01
1.051595939559474557e-01
-2.729352692998645094e-02
1.075663535191875020e-01
-8.453876642626134696e-02
-6.952133901628417736e-13
-2.176504376910836924e-01
-1.627111059710799612e-01
9.424184137600383204e-02
-2.742596407042272588e-01
-5.721780867263719372e-01
-2.562248210218990296e-01
-3.356114573685842900e-02
-2.700979081301671525e-02
-1.487400296054758597e-01
-1.956136411167472000e-01
3.944075489867834156e-02
2.220354933758890981e-01
-1.121124697000686343e-01
-2.416997612874077217e-01
-3.252439724269585303e-02
1.780408035143606904e-01
3.704726909094987475e-01
0.000000000000000000e+00
0.000000000000000000e+00
1.362612592471232620e-01
4.561327060230118136e-01
7.969539444911426240e-02
-4.721061556016447475e-02
8.812252291540825788e-02
-8.695781350351065864e-02
4.539887556804417246e-01
5.592233049730789551e-02
1.559295570103733097e-01
4.732919260568170805e-01
-6.491964371656708255e-03
-2.760564078397417243e-01
9.275527185851986656e-02
5.699430404021180348e-03
1.708206773025988945e-01
2.149909337527259323e-01
-2.562153509635354265e-01
-5.405834394853099162e-02
-4.041337499680502238e-02
1.799260828035880583e-02
-1.944417833921937844e-01
-1.292375834457619443e-01
4.415790200638233104e-02
4.052827375212442185e-02
-2.615604542717499953e-02
5.682318750889074621e-02
2.712722026706467296e-02
-1.040913594690669797e+00
1.385861590422693135e-01
-1.893364438298658636e-02
-2.843593685288169359e-01
2.513497886906341378e-02
1.283857816956527342e-01
5.467954787880729972e-01
1.862094555933405671e-01
-8.471471295764614051e-02
6.548108417931421954e-01
-3.937064778739531729e-02
-3.620708028694687441e-01
3.103423216219787159e-02
-1.829161270817736620e-02
7.126210474439126363e-02
1.207401504488106875e-01
2.252615518586781329e-01
8.374387000523716429e-01
4.596642477446274272e-02
6.489004690554474319e-02
8.667501387857694251e-02
-1.858865353975974966e+00
-2.626696919467204072e-01
-6.142104174103205777e-02
1.346840053098245088e-02
-6.064127322816056237e-02
-1.103443920712227966e+00
8.153814836329748017e-02
-3.441164107899884951e-07
6.043661548445392051e-02
2.962782373681493442e-01
7.224619961446423488e-01
-1.280731144796255772e-01
7.624315050062066557e-02
-1.535852504499062715e-02
-6.899486082077106452e-01
-1.751617252160679941e-02
-6.462490867975159183e-03
-3.421113895927359594e-01
-2.745570096267535912e-02
-1.200000739295316483e-02
1.168487826226825409e-03
9.246095583500647808e-02
4.546675147114091070e-02
-8.004154084939277269e-03
2.718935695838093497e-02
3.736276886494749316e-02
2.175788932080257310e-01
-1.139379318222493581e-01
-8.352490523605083294e-04
2.755709876713437895e-02
1.394395607942959248e-01
-1.143690660029261508e-01
-2.241448869194670110e-02
-1.904887135987907709e-01
1.563533085949245227e-01
6.524291015398225868e-02
1.556128371277617772e-01
-7.050527593847860652e-02
4.905025613438076526e-01
5.303346105730011306e-02
5.719831760252023362e-02
2.903696657482988074e-03
1.564844157546112502e-01
2.892859977139906613e-01
7.968367628577736894e-02
-2.663439665887154528e-01
-5.216611260620432899e-01
-5.000000000000000104e-03
1.619477991564570729e-01
1.100998435982388918e-01
1.102861366170294621e-01
-1.647170446460309579e-03
-1.465999880536600179e-02
-7.231585961269205998e-02
2.756923224469872910e-02
4.777475927094846503e-02
2.394156008277621359e-02
-5.999799089801282834e-03
-1.365328344921805034e-02
-1.064356688624152614e-01
-3.669791794854993516e-01
5.379049408357166988e-03
5.866717159320516961e-01
2.840076283351154404e-02
-5.646907245950932852e-01
-4.207354284872763528e-02
8.638683494470546231e-02
-7.612704251561057400e-02
-2.794799124370465557e-02
1.953327959842764833e-02
7.188988070394586961e-10
-5.198475723385966030e-02
-1.024018898075167577e-01
-1.280418690558109487e-02
-4.231759077244386102e-03
3.892825770685025000e-01
1.713653183169595307e-01
-5.800001194797917148e-02
2.594311975202731949e-02
5.758580481828903114e-02
6.471817402823855370e-02
8.637183898040884378e-02
3.921840207273933482e-03
4.614153230404064998e-01
6.464981459078059101e-02
-2.516801600586676124e-01
-3.203654866793870237e-02
-2.239529346294617460e-02
2.280648363515526758e-02
1.322255147861486901e-02
1.118716820253199407e-01
2.030540046829422685e-01
-2.463349129153366221e-02
2.839182109183387582e-03
-2.455071423810581133e-01
6.883022328726445815e-01
1.346356600176574103e+00
1.682132605857528385e-01
-2.462774410617884352e-02
2.281085527067857818e-02
-5.406044175878707003e-01
2.210326711807100442e-01
-1.131483293877017376e-01
1.165587370719655264e-01
-7.889631364212535813e-04
1.491051599459949639e-01
-1.254802594915300773e-01
-7.989302525416946965e-02
-3.831067183866903453e-02
-1.559113087737024061e-02
1.649517577890264042e-01
1.943767442337380469e-01
-1.543052670393309511e-01
-5.567042062868785002e-02
-5.921782946478938020e-02
2.159517734447576054e-02
4.383273985513089221e-02
1.001663994304121397e-01
-5.626363025684568558e-02
-1.048812649342139580e-01
-1.479894370475439147e-01
-8.233891629431626391e-02
9.486268400933645095e-02
3.190434823926518310e-02
-3.451475912901966550e-03
-5.472092852695491921e-02
-6.195130097080849690e-02
-2.909631410385322692e-01
-2.499275411066002525e-02
1.836414899718398774e-01
-2.397780269028658776e-02
-7.190531273966926928e-01
8.521054415848222652e-02
3.593308973955895713e-02
9.520092570751560734e-02
-4.475671226700747574e-02
-1.361207947443374422e-01
-5.672795440528969647e-03
-5.778554070036766577e-01
1.300711063821340940e-01
-7.975702469840183217e-02
-1.905951683018922843e-02
2.486124774293963779e-01
-1.394160370172348000e-02
-2.881382953275340997e-01
-6.559401715907405700e-04
2.243575411419133359e-01
-4.041388276791149821e-03
-1.840047646470362088e-03
-4.532161780096967407e-02
-9.217007703170419786e-02
-4.259176379787392441e-02
1.525424413796139911e+00
3.821135173350900284e-03
-2.924727634023867318e-02
-6.298577762431548099e-02
-8.845034804834879527e-02
3.033669192773121304e-01
-1.478474281288765513e-01
-9.918567168628340119e-04
-8.869752616512655008e-03
1.030762028686276477e-01
-1.893479667253483711e-02
-4.686612765761205557e-02
-2.272927466106283989e-01
-5.586740626194796472e-02
-2.588647247775193241e-02
6.733533401289829023e-02
-1.071485039964139435e-01
-7.518799376010510543e-03
1.444570640234863479e-01
4.512592481229375850e-04
-1.379430799149710118e-01
-1.004946281982967149e-01
-1.118024161727497511e-03
-6.783270915123405971e-03
6.390267094038386553e-01
3.924130286281822810e-01
2.640646651646487153e-01
-5.394365428933315526e-02
6.258719197993440481e-03
-1.193578752447606479e-02
5.982316092323169965e-02
1.425230974415601648e-01
-1.514215285213001694e-01
-1.366729754099367256e+00
1.449782931061864288e-01
4.921427868918263476e-02
1.682161912176634994e-02
-2.362221021850418809e-02
-6.299405535179474630e-03
8.148196885407282819e-02
-1.190091548793939247e-01
-3.827723237608689211e-02
-6.355484494299445952e-01
1.557786628616038456e-02
1.561623596069236335e-02
-1.378901458003546909e-01
3.158521095435583570e-01
-3.802319805624542609e-02
7.460567961180025742e-02
-1.631258971122961643e-01
2.752524217364786530e-02
-1.105407777659403318e-01
-3.499999999999896944e-02
2.688641114689690331e-02
-2.729352551810118252e-02
-1.154076016742037192e-01
-2.189729155952604631e-03
-2.936905369557309478e-02
1.229428044417632870e+00
9.745002752260081835e-02
-1.814588354386006963e-02
3.840131892832612109e-02
4.129114132027568050e-05
-7.535642214438900699e-02
9.446050693440453949e-02
-3.061661902795007051e-01
3.742268718514257624e-03
6.067524233935674138e-02
3.972691322002067649e-01
-6.787027624643439394e-02
1.152133866560198922e-01
1.054890474929178618e-02
1.933149511969639300e-01
2.027380683970310682e-01
1.130975980501840727e-01
1.341917029407236894e+00
-1.881661619342191727e-01
4.308329426111548455e-01
8.196001436785600447e-01
-1.338075165174788250e-01
-1.258962565050286177e-02
4.669324572844315568e-01
4.395711734911710022e-02
8.274090268620619415e-02
-1.554180921851133490e-01
2.910906812892364963e-03
-4.832948653041170924e-17
-1.228846448646569861e-01
1.276870813338825371e-02
-2.423874024492036483e-01
2.075437935722447558e-01
-5.156090882471851822e-02
-1.114211430820730708e-01
-1.996200605238152848e-01
-1.368044882477314150e+00
-1.118202150882088575e-01
-1.190112254803367686e-01
-5.380245872144657354e-02
3.095930154510200850e-03
9.254108453207723906e-02
-1.234921913006660626e-01
8.946564569324425009e-02
-2.022369972290511408e-01
-2.452352601206031144e-02
2.920898807205920544e-01
9.444477878638966872e-02
-1.420549668358699336e-01
-1.059501438954546099e-01
-5.491393184001978900e-02
1.096996222756611461e+00
-3.240493505384560713e-01
1.119986772378696926e+00
-6.672878055706502054e-02
1.445328028860001224e-01
-1.834308721025978972e-02
6.320595197063565152e-02
5.732837202671056676e-02
4.760942166789008251e-02
1.357537809136360463e-01
-7.172620844230728765e-02
-3.100473417228294948e-01
-6.767856930433995000e-02
9.586736918649124218e-04
-5.743353657379000055e-01
-2.999080277815046464e-02
-2.063657533966296517e-03
4.965795197267227484e-02
-3.025477243943152511e-02
-1.018447362783839044e-01
-2.301925655363293299e-02
-5.219969027230424163e-02
-8.835879765405967035e-02
7.693449730478404969e-02
-4.984934244710906293e-02
-7.134678188537582622e-02
-1.502808588161884396e-01
1.719159294592879222e-02
1.151601822316919571e-01
1.309144968468128889e-01
1.411241907079677227e-01
1.308517558454264651e-01
-3.887906337862435252e-02
-1.005627980562183860e-01
-2.998589006156174991e-02
4.000747481955502921e-02
1.154782834800709319e-02
-1.182651758072456039e-01
4.086489393890892496e-01
2.328062918290134745e-02
-2.819401523486395056e-02
-3.763989778192604330e-02
-6.952628994879967994e-01
3.778739982583523282e-02
-7.164875583829685701e-02
1.094820870003374719e-01
-5.404799154782898712e-02
-4.501895093352294326e-03
9.377265178551345837e-02
4.044940255582957916e-02
8.487319215140828321e-01
1.846350564158271701e-01
2.733880173160433968e-01
6.645182285567795277e-02
-2.815662094027984383e-02
-1.605451668456132561e-02
-1.138858277619703291e-01
-1.146461816946857046e-02
-2.366923189198360741e-02
-1.742679757196262780e-31
2.398466688120324264e-01
-1.978461886438213357e-01
-2.387324963725762084e-01
-1.926226404870691467e-02
4.510173361997503183e-01
-1.094092316439989471e-01
-8.969069296523374257e-02
3.149195196081265580e-02
3.964703968165475545e-01
-1.174007703995463697e-01
-3.493393061942406952e-02
1.045971153459764741e-01
-3.813759735388205785e-02
7.441038458690026058e-02
2.891115854361415161e-01
7.378623792949742799e-02
1.937493193496156452e-02
-4.113307799886225039e-03
3.330078207856063677e-01
-5.847215086700275656e-03
2.586714060930992987e-01
6.731635451500668221e-01
-5.116784141711598899e-01
6.828194500387972932e-01
-1.345848979088922481e-01
4.374600343909772204e-02
-8.413531297101682627e-02
-1.266921577490945412e-14
-4.625025091529730899e-15
-1.856884040726335949e-01
2.447526626948322639e-02
1.268503546276869287e-01
7.708780458006936342e-02
4.149288272903869368e-01
-4.460812548700202745e-02
-1.473298645800971585e+00
-1.851987608813134012e-01
1.484591472376961818e-01
-2.458699370330330244e-02
6.173326152989327964e-01
-7.400134474921377450e-03
-1.412195235741109944e-01
1.846553032102902225e+00
-2.413539988257522584e+00
8.442564587025525036e-03
3.342009411726206691e-01
-5.940506475572614464e-01
-1.899296902930474175e-04
1.520065946416306393e-02
9.089896019486901069e-02
1.495543437383160534e-01
-5.687188044353775479e-02
2.653913075589307002e-01
-1.259827585120796845e-01
1.010879967784785588e-02
-1.928439325216826650e-01
-8.876612417175368253e-02
8.836800118284292294e-02
-6.037061106236679686e-02
5.441648772852061278e-01
1.136662679411836047e-01
-8.226422517136847690e-01
-6.230450597246307322e-03
2.255692308104558647e-02
2.769678334439283976e-02
-2.107094386783306683e-01
-1.039352450837142949e-01
-4.012239610673594137e-01
-1.370208346473213157e-02
2.636183898156717609e-01
-1.510246033606558846e+00
0.000000000000000000e+00
1.246729041305151553e-01
7.201049026306001466e-02
4.070501372002789664e-02
-1.121592359308134015e-02
-3.843420518126359209e-01
-6.030450142824251430e-02
-6.655097523346899246e-02
4.785074221685259310e-02
1.765479893567913072e-02
-6.801385197003644301e-01
-1.344254220755619345e-01
6.131659457748081521e-02
2.983519809904199849e-01
-3.633957987492694164e-01
-1.897974837555265609e-02
-1.802279541199447721e-01
1.469494442383125488e-01
2.236269366216372123e-01
2.434800637483482966e-01
1.798517446251767515e-01
-1.016336115250045191e+00
1.763884010384339784e-01
2.694243528166955781e-01
-1.131804174096961574e-01
-8.921666001830966253e-02
-7.145245455054521910e-02
-3.079842031955304024e-02
-3.857110065484001954e-02
-1.367176572239988397e-01
-7.008464504778077683e-03
-5.474176765412553519e-02
2.949573917310236992e-01
-5.501536978143100470e-02
1.351509732235569861e-01
5.249125264844266975e-02
-2.523164769455335868e-02
-9.619650882960009697e-02
-6.346524004863125790e-02
-1.629446071651197980e-01
1.761220587868418397e-01
-9.995018719541188396e-03
-1.227644612195537797e-02
-6.487091470097001641e-03
6.940126512216966692e-02
-7.887856542130568249e-02
3.138347819342464651e-01
2.813222799709136357e-01
-5.206610544524050560e-02
-7.346210511116792186e-02
-5.647852119870883092e-02
-6.183368762316962530e-02
-1.972798476640234555e-01
1.020168985940165217e-02
-7.931875002008667574e-02
-4.221187675390155637e-03
-1.366220131487157728e-02
-4.003611213112522049e-02
-1.157312005850940212e-01
5.801082123604733853e-02
-5.075637224434297740e-02
-4.230425700310179449e-02
-1.120691068951069486e-01
4.225962254137193106e-05
-1.564862124873491606e-02
1.119245909466116823e-01
5.164471945724649626e-02
3.562738267142236959e-01
-3.965076557961380588e-02
1.144572076809070027e-01
8.450552716892870131e-02
7.219997189693318218e-02
3.389922913191332765e-01
6.329715243677477843e-02
-2.675410171633602063e-02
-3.177643946667417230e-01
2.094880112310092135e-01
3.230033496970547715e-04
7.187306328364174990e-02
-3.630827333891755715e-01
1.266561932468226459e-01
-8.021645436166081888e-02
3.562485902522538606e-01
-4.733905820944616510e-02
-6.135370460502034134e-02
-4.043009609634222630e-03
6.200828845801716754e-02
1.061700337421968843e-01
1.973194912801724821e-01
5.250248858766244642e-02
1.550499320357120236e+00
1.979636357779445549e-02
1.496135496573780255e-01
-4.596699132074420942e-03
4.208186890185826312e-02
-3.918425350712954613e-01
1.189220451162318754e-01
-1.227728585021582372e-02
4.119093825434053113e-02
3.035626622131953889e-01
1.923690257613494548e-01
4.573525269633624962e-02
-1.369430851157527051e-01
-1.336706621975246312e-01
6.741476519234877729e-02
1.179180046373646124e-01
-2.531569727993622856e-02
2.980314156265396197e-01
-8.981190206213306160e-02
4.163282054753977834e-02
-2.753938446971592249e-02
-8.337382423275023491e-03
-2.325107847264143088e-02
-1.079103213324369648e+00
2.968358839059357934e-01
-1.421209927291418873e-01
-2.463465041973664504e-01
-2.012980050286670639e-02
-2.998590398510367697e-03
1.170800362265244365e-01
4.056325632538309439e-02
-9.995018719541191865e-03
-1.000000000000000021e-03
-2.000000000000000042e-03
6.323880197680755710e-01
-2.704151107336216081e-02
-1.561221764938778012e-01
1.884823821099987917e-01
-1.455242909463116130e-01
6.472427489780086494e-03
5.034511533511899090e-02
-3.116021734714656821e-01
-1.552769996413183584e-01
1.272507769787738392e-02
4.520378560324041228e-02
4.728149269242213348e-01
-2.262751566464125397e-01
-7.397744046171686634e-03
7.038054939885124428e-02
-4.890871335917120616e-02
2.519590518887082076e-01
7.180050765729352191e-01
1.017488074446407272e-02
-1.836497987434662985e-03
2.795487111180335483e-03
1.277595624614879244e-01
4.209233616161162095e-02
4.389613146429886814e-02
4.310272483598225762e-02
-3.517185988087269399e-02
6.367464869036160505e-03
-1.037121779657442094e-01
1.014336627454337156e-02
8.028490847788179174e-03
1.553300356582159591e-01
1.121596290634677417e-01
4.028672649267088235e-01
2.089762664590599783e-02
6.813946569896187078e-03
1.591663533491592397e-01
4.547925561821727219e-02
-9.493989811857389549e-02
-3.890782940820722291e-02
5.256912941170212988e-02
5.007999753168852763e-02
8.551492773737631725e-02
-1.462668269885946115e-01
2.908070530722987879e-02
-9.384768675545727135e-01
6.016406737587630393e-02
-1.890220885690612418e+00
1.384802917065465488e-01
5.008052075509472623e-01
2.109544761867219176e-01
1.601673631192361558e-02
-8.402222030087459423e-03
1.501277325515085470e-01
-1.757576094701171210e-01
-6.552163663641032143e-02
-1.840263133720249772e-02
6.599834380180251599e-03
5.186650139915630064e-02
1.799999999956316751e-02
3.925493305033311148e-02
1.238916435775732489e-02
7.043555403422459282e-02
3.096659797300843966e-02
-9.924495060674973917e-03
-4.786380678915463927e-02
5.425984468345500522e-01
-7.877524809263246330e-02
1.836771805789571554e-01
-1.875951557477572862e-01
1.538940334325185899e-01
-4.940289510447814364e-02
3.053572236921526795e-01
-2.401920915141989368e-02
-4.726444127344655022e-01
3.667154184778415385e-03
1.426825928185380121e-01
9.563683502652216631e-03
7.598270715198794656e-02
-9.835236557000795465e-02
-1.394429820201102677e-01
1.368186543512914244e-02
1.665092182011029376e+00
-4.196940083335230776e-02
8.409942835940936723e-02
-3.799999999999892353e-02
5.977119381672622161e-02
2.029206148946309518e-02
2.500001479765146320e-02
-1.539999999999996094e-01
-1.042138053772776740e-01
8.484957729333290899e-02
-4.770783417260650305e-02
-7.498351981833947799e-03
-2.006566909041892360e-02
-3.265368595359663395e-02
3.267684802559316370e-01
6.340910624321816069e-02
-8.298901186028799504e-02
-4.875451668023227797e-02
7.928623659359805564e-02
-2.117519023702673340e-05
1.625230562032136394e-01
-5.899990655481954227e-02
-3.589422352672186345e-02
5.809427327930070106e-01
-3.311930387475687382e-02
5.402707469773477406e-02
1.131854183495912755e-02
-2.221546565138464990e-01
3.142069863583210054e-01
-4.310759158558487292e-02
1.035512581566373630e-01
3.154352357269227247e-02
4.320063080556853924e-02
-3.059307973178541640e-01
3.686682877594405494e-01
-5.715790110476755975e-02
-5.098766249846083121e-02
3.598284581912277180e-01
1.202004512733290398e-01
2.508555815872786088e-01
-1.582101125404704670e-02
8.374301861220434517e-02
1.234719654229628483e-01
5.864756239832843304e-02
-1.206392392810627656e-02
-1.725729176603835527e-02
-9.914568652420366335e-02
-5.867250466997834396e-02
5.492430283792329448e-02
-6.465889241017341985e-07
-1.062448243235120549e+00
2.157329443415715864e-01
-8.465119525216777130e-02
-2.686511725495060662e-03
-1.140725453137739348e-01
-9.613944630901800903e-02
-1.383347081175671511e-01
5.591829819119056855e-02
2.605781311376534001e-02
-1.134182139785777782e-01
8.897939400647893876e-03
-1.130845688945218835e-01
-1.796931515041910732e-02
1.274653498052652489e-01
7.278956184997688317e-02
2.167024428818563053e-01
2.806558244041124084e-01
-1.090948782267512664e-02
-1.953532906975433137e-03
-3.434271923252149583e-02
-1.255016742655497841e-01
2.729280729088359378e-02
1.214676414638904828e-01
-1.900000001373259792e-02
-8.561636337318308254e-02
3.950002704342610582e-01
4.911517847133958781e-02
1.308858487605684962e-01
8.134207211743431365e-02
-1.054835750441773454e-02
5.257121163241910283e-02
9.179886325452658868e-02
7.622897398814017234e-02
5.067350785559967541e-01
4.748783195511922794e-02
5.866271927025525773e-02
-5.362891747833304495e-02
-1.486212625945072252e-01
-5.899999867743648679e-02
-2.812962128780964188e-01
1.277486032360235224e-01
-1.407300427730490133e+00
-8.251649128345384457e-03
1.190627243659220375e-01
-1.491199965622246049e-02
-9.139705529596888756e-01
-1.349834243955580493e-01
