2.047500966152682456e-01 2.033224828968766829e-01
1.902589652289654598e+00 9.454597079722416586e-01
1.172792773450707093e+00 9.218366108521369728e-01
2.358739950980327293e+00 7.053045797436210407e-01
1.933193095936879491e+00 9.350498163450209343e-01
2.404069415720726521e+00 6.724568343787755698e-01
1.643914331222345870e+00 9.973280694316287720e-01
1.909727222944162639e+00 9.431106590185585059e-01
1.775764223637605443e+00 9.790675191635412888e-01
2.255473658793872627e+00 7.746231501101448202e-01
1.551535302546564465e-01 1.545317871329824899e-01
2.935178594766353566e+00 2.049514057446600312e-01
2.964351629225373763e+00 1.763144947105061144e-01
7.061119816041908637e-01 6.488803267482994297e-01
1.137205936158999009e+00 9.074631651759278439e-01
2.863249049391593637e+00 2.747633819876345029e-01
1.452004452604703122e+00 9.929525386903029771e-01
1.520830630198261868e-01 1.514974792343488641e-01
2.055937077908927546e-01 2.041484001273121962e-01
2.318305931467238068e+00 7.333841481110021654e-01
4.644149060354130221e-01 4.478997551166228330e-01
2.905589557744095330e+00 2.338183933010487270e-01
6.701434837371839093e-01 6.210984463057798166e-01
1.572734678798748842e+00 9.999981213963428095e-01
2.641532399590889035e+00 4.794784155926056224e-01
2.278439675047452706e+00 7.598959138671733671e-01
2.956925894892274087e+00 1.836189683640783998e-01
1.502567016060443184e+00 9.976732834069398370e-01
1.194438105935374111e-01 1.191599991551975241e-01
4.550066445384391978e-01 4.394682823260822602e-01
1.089465772578204206e+00 8.863797155748885936e-01
7.332284885416610887e-02 7.325716630541773133e-02
2.997709990860596641e+00 1.433867279170226439e-01
2.024446134278850451e+00 8.988535679517527521e-01
7.934475947609186397e-01 7.127756194401239087e-01
2.465357729029134859e+00 6.258609541750521643e-01
3.007617789962566235e+00 1.335744314680399336e-01
1.995618061743655858e+00 9.111122208632399522e-01
1.372486518517076037e+00 9.804009670384117303e-01
2.958877861290594713e-01 2.915891711069025227e-01
1.379874597231159683e+00 9.818297411668492902e-01
2.317725835754753216e+00 7.337783821427668052e-01
1.274745911362767270e+00 9.564962168972945822e-01
2.096572591485296400e+00 8.649346069877095200e-01
1.278053287288961837e+00 9.574558932075525330e-01
8.075480694692029893e-01 7.225943966125492057e-01
1.000115960504306845e+00 8.415336328780604891e-01
2.595907067644442456e+00 5.190042318751080241e-01
1.679086979939546920e+00 9.941422949553930799e-01
3.069942840516040494e+00 7.158852408477747731e-02
2.599394265353493161e+00 5.160203244233895203e-01
2.430794615079387100e+00 6.524387653739647241e-01
3.029550371189074554e+00 1.118080095339678559e-01
1.225448030422982448e+00 9.409576028521140501e-01
2.979124763804087195e+00 1.617540871080223597e-01
1.221890658274850244e-01 1.218852421802505415e-01
2.270607223370654904e+00 7.649639973789575942e-01
4.594618720198443418e-01 4.434658517885578521e-01
3.579072696320229618e-01 3.503148836046794390e-01
1.884405864064326863e+00 9.512262479034550022e-01
2.399294456573937140e+00 6.759832756764905248e-01
1.304659580264242003e+00 9.647941529508715641e-01
3.778284698351856430e-01 3.689029731833284309e-01
2.151327456487790890e+00 8.361714601610936715e-01
9.467577655433878636e-01 8.115252797956777897e-01
2.539142487631185219e+00 5.666629857378225887e-01
2.738315836886175525e+00 3.924343942643616634e-01
1.770509230100280051e+00 9.801235747578965762e-01
8.943026046771399562e-01 7.797726575774704960e-01
7.640578733423427638e-01 6.918570577658262888e-01
2.341363910183579033e+00 7.175154391966542811e-01
2.323837354897617669e+00 7.296126061710878075e-01
2.568634650918833362e+00 5.421200296064435653e-01
2.319445348033443377e+00 7.326090803629412562e-01
1.701075091554186791e+00 9.915257177576594083e-01
3.108777676171937454e+00 3.280908841593654923e-02
3.930297637181047743e-01 3.829889217856661809e-01
2.834776013661948202e+00 3.020254752045358759e-01
2.682971959953780461e-01 2.650899378407016171e-01
4.884930537306082093e-02 4.882987987735062929e-02
2.430461762093068523e-01 2.406603856383419393e-01
3.152975367426520958e-01 3.100993543672025954e-01
7.610428197200188594e-01 6.896769436676425391e-01
1.973232427517708443e+00 9.201095995792049065e-01
2.472237054784480748e+00 6.204807625204897814e-01
1.628807941201461107e+00 9.983177981425036540e-01
2.873530669076344246e+00 2.648631340267197376e-01
2.603942186443178652e+00 5.121193596887196886e-01
2.825833559802515715e+00 3.105381255207457225e-01
3.007942554790980605e+00 1.332525698888878674e-01
2.892101897327052917e+00 2.469105146136069961e-01
2.862056575132254643e+00 2.759097645197020610e-01
2.330441366065535647e+00 7.250805051307745996e-01
3.020547277731933100e+00 1.207499998679020248e-01
2.477263580843058755e+00 6.165310299679653827e-01
9.241775248526735709e-01 7.981254991399573395e-01
2.119722218666395985e+00 8.530854527705614698e-01
1.447609464982994254e+00 9.924220887160339899e-01
2.430826739894494715e+00 6.524144195209722330e-01
1.887889967050485174e+00 9.501456513257605652e-01
